
%% 
c =cell(5)
c{1} = [4 5 6 7 8 9 1 2 3]
c{2} = 4
c{4} = [1 2 3;4 5 6;7 8 9]
c{4,4}  = [0 0 0;1 1 1 ; 4 5 6]